2005  4 29 10 28 16.565    35.99434   -120.55386    5.026   0.013   0.005  43   0.011  1.0   21453012  2382     37686    37746
	CCRB 2005 4 29 10 28 17.8540 IPU0
	CCRB 2005 4 29 10 28 18.8120 ISU1
	EADB 2005 4 29 10 28 20.4390 IPU1
	EADB 2005 4 29 10 28 24.2550 ISU1
	FROB 2005 4 29 10 28 18.9511 IPU1
	JCNB 2005 4 29 10 28 19.6601 IPD1
	JCNB 2005 4 29 10 28 22.1700 ISU1
	JCSB 2005 4 29 10 28 19.9115 IPU1
	LCCB 2005 4 29 10 28 17.9019 IPD1
        MMNB 2005 4 29 10 28 18.6056 IPD1
        MMNB 2005 4 29 10 28 20.1950 ISD1
        RMNB 2005 4 29 10 28 18.7480 IPD1
	SCYB 2005 4 29 10 28 17.8687 EPD2
	SCYB 2005 4 29 10 28 19.0074 ISU1
	SMNB 2005 4 29 10 28 17.6821 IPU1
	SMNB 2005 4 29 10 28 18.3456 ISD1
	VARB 2005 4 29 10 28 19.6041 IPD1
	VARB 2005 4 29 10 28 21.7980 ISD1
	VCAB 2005 4 29 10 28 18.4538 IPU1
	VCAB 2005 4 29 10 28 20.2645 ISD1
2005  4 30  6 34 10.100    35.99209   -120.55109    4.935   0.010   0.004  41   0.008  0.9   30506847  -9999
2005  4 30  6 50 32.764    35.99227   -120.55154    4.980   0.011   0.005  43   0.009  0.6   30506849  -9999
2005  5  1 17 19 14.720    35.99118   -120.54959    4.834   0.012   0.005  47   0.013  0.9   21453406  -9999
2005  5  1 17 27 56.269    35.97951   -120.53710    3.318   0.010   0.004  35   0.010  1.2   21453408  10026    62866    62926 
2005  5  1 19 27 54.520    35.97942   -120.53713    3.335   0.008   0.004  44   0.009  1.3   21453418  10467    66466    66526
2005  5  6  3 49 15.620    35.99811   -120.55852    2.569   0.014   0.005  56   0.016  1.1   21454587  107099
2005  5  6  9 42 20.226    35.97151   -120.52525    3.855   0.008   0.006  47   0.011  0.0   21454671  108423
2005  5  6 14 33 32.346    35.97164   -120.52594    3.902   0.011   0.006  57   0.012  0.0   21454699  109513
2005  5  6 17 52 55.920    35.98798   -120.54595    4.556   0.014   0.005  45   0.010  1.0   21454745  110259
2005  5  7 17  0 15.040    35.97159   -120.52561    3.892   0.009   0.007  23   0.008  0.0   21455058  115275
2005  5  7 23 38 26.320    35.97929   -120.53865    3.142   0.007   0.004  40   0.009  1.1   21455114  116748
2005  5  8  4 54 57.947    35.98144   -120.53979    5.494   0.011   0.005  49   0.009  0.8   21455150  117951
2005  5  8 22 17 18.125    35.98832   -120.54595    4.719   0.011   0.004  43   0.006  1.5   21455312  121858
2005  5  9 11 54 59.204    35.97286   -120.52696    7.271   0.009   0.004  51   0.004  1.9   21455464  124918
2005  5  9 11 58 37.776    35.97153   -120.52588    7.183   0.014   0.007  69   0.011  0.0   21455465  124932
2005  5  9 13 15 20.570    35.97200   -120.52633    7.205   0.012   0.006  65   0.007  0.0   21455483  125219
2005  5  9 17  4  6.460    35.97208   -120.52632    7.241   0.008   0.005  48   0.006  1.1   21455536  126074
2005  5 10  8 11 25.218    35.98755   -120.54595    4.553   0.013   0.006  43   0.011  1.0   21455695  128356
2005  5 10 11 25 32.650    35.97267   -120.52684    7.191   0.010   0.006  51   0.007  1.1   21455705  129083
2005  5 10 22 31 33.440    35.97311   -120.52709    7.291   0.009   0.004  37   0.005  1.4   21455808  1315581
