2005  4 29 10 28 16.565    35.99434   -120.55386    5.026   0.013   0.005  43   0.011  1.0   21453012  2382     37686    37746
	CCRB 2005 4 29 10 28 17.8540 IPU0
	CCRB 2005 4 29 10 28 18.8120 ISU1
	EADB 2005 4 29 10 28 20.4390 IPU1
	EADB 2005 4 29 10 28 24.2550 ISU1
	FROB 2005 4 29 10 28 18.9511 IPU1
	JCNB 2005 4 29 10 28 19.6601 IPD1
	JCNB 2005 4 29 10 28 22.1700 ISU1
	JCSB 2005 4 29 10 28 19.9115 IPU1
	LCCB 2005 4 29 10 28 17.9019 IPD1
        MMNB 2005 4 29 10 28 18.6056 IPD1
        MMNB 2005 4 29 10 28 20.1950 ISD1
        RMNB 2005 4 29 10 28 18.7480 IPD1
	SCYB 2005 4 29 10 28 17.8687 EPD2
	SCYB 2005 4 29 10 28 19.0074 ISU1
	SMNB 2005 4 29 10 28 17.6821 IPU1
	SMNB 2005 4 29 10 28 18.3456 ISD1
	VARB 2005 4 29 10 28 19.6041 IPD1
	VARB 2005 4 29 10 28 21.7980 ISD1
	VCAB 2005 4 29 10 28 18.4538 IPU1
	VCAB 2005 4 29 10 28 20.2645 ISD1
2005  5  1 17 27 56.269    35.97951   -120.53710    3.318   0.010   0.004  35   0.010  1.2   21453408  10026    62866    62926 
	CCRB 2005 5  1 17 27 57.2580 IPU0
	CCRB 2005 5  1 17 27 57.9960 ISD1
	EADB 2005 5  1 17 27 59.4400 IPU0 
	EADB 2005 5  1 17 28  4.2120 ISU1
	FROB 2005 5  1 17 27 58.2270 IPU0
	GHIB 2005 5  1 17 28  1.1660 IPU2 
	GHIB 2005 5  1 17 28  5.6000 ISU2
	JCNB 2005 5  1 17 27 58.9120 IPD0
	JCNB 2005 5  1 17 28  0.9190 ISD1
	JCSB 2005 5  1 17 27 59.1640 IPU1 
	LCCB 2005 5  1 17 27 57.2150 EPD2
	LCCB 2005 5  1 17 27 57.9860 ISD1
	MMNB 2005 5  1 17 27 57.8280 IPD1
	MMNB 2005 5  1 17 27 59.0950 ISD2
	RMNB 2005 5  1 17 27 58.2070 IPD1
	RMNB 2005 5  1 17 27 59.9300 ISD1
	SMNB 2005 5  1 17 27 57.3300 IPD0
	SMNB 2005 5  1 17 27 58.0330 ISU2
	VARB 2005 5  1 17 27 58.8510 IPD0
	VARB 2005 5  1 17 28  0.8310 ISU1
	VCAB 2005 5  1 17 27 57.7800 IPU0
	VCAB 2005 5  1 17 27 58.9320 ISU1
2005  5  1 19 27 54.520    35.97942   -120.53713    3.335   0.008   0.004  44   0.009  1.3   21453418  10467    66466    66526
	CCRB 2005 5  1 19 27 55.5060 IPU0
	CCRB 2005 5  1 19 27 56.2400 ISU1
	EADB 2005 5  1 19 27 57.6300 IPU0
	FROB 2005 5  1 19 27 56.4760 IPU0
	GHIB 2005 5  1 19 27 59.4050 IPU1
	GHIB 2005 5  1 19 28  3.8800 ISD1
	JCNB 2005 5  1 19 27 57.1650 IPD0
	JCNB 2005 5  1 19 27 57.0790 ISD1
	JCSB 2005 5  1 19 27 57.4130 EPU2
	LCCB 2005 5  1 19 27 55.4530 EPD2
	LCCB 2005 5  1 19 27 56.4720 ISU1
	MMNB 2005 5  1 19 27 56.0370 IPD1
	MMNB 2005 5  1 19 27 57.3370 ISD1
	RMNB 2005 5  1 19 27 56.4550 IPD0
	RMNB 2005 5  1 19 27 58.1790 ISD1
	SCYB 2005 5  1 19 27 55.7630 IPU1 
	SCYB 2005 5  1 19 27 56.9950 ISD1
	SMNB 2005 5  1 19 27 55.5740 IPD1
	SMNB 2005 5  1 19 27 56.3010 ISD1
	VARB 2005 5  1 19 27 57.0950 IPD1
	VARB 2005 5  1 19 27 59.2650 ISD1
	VCAB 2005 5  1 19 27 56.0280 IPU1
	VCAB 2005 5  1 19 27 57.1760 ISD1 
2005  5  6  3 49 15.620    35.99811   -120.55852    2.569   0.014   0.005  56   0.016  1.1   21454587  107099
	CCRB 2005 5  6  3 49 16.8790 IPU0
	CCRB 2005 5  6  3 49 17.7610 ISU1
	EADB 2005 5  6  3 49 19.4830 IPD1
	EADB 2005 5  6  3 49 23.5590 ISD1 
	FROB 2005 5  6  3 49 18.1020 IPU0
	FROB 2005 5  6  3 49 19.1280 ISD1 
	JCSB 2005 5  6  3 49 19.1200 EPD2 
	LCCB 2005 5  6  3 49 16.8330 IPD1
	LCCB 2005 5  6  3 49 18.6540 ISD1 
	MMNB 2005 5  6  3 49 17.7690 IPU1 
	MMNB 2005 5  6  3 49 19.6290 ISU1 
	RMNB 2005 5  6  3 49 17.8000 IPD1 
	RMNB 2005 5  6  3 49 20.0070 ISD1 
	SCYB 2005 5  6  3 49 16.6360 IPD1
	SCYB 2005 5  6  3 49 17.5490 ISU1
	SMNB 2005 5  6  3 49 16.5630 IPU0
	SMNB 2005 5  6  3 49 17.1270 ISU1
	VARB 2005 5  6  3 49 18.8140 IPD1
	VARB 2005 5  6  3 49 21.3090 ISD1
	VCAB 2005 5  6  3 49 17.5570 IPU0 
	VCAB 2005 5  6  3 49 19.0180 ISU1
2005  5  6  9 42 20.226    35.97151   -120.52525    3.855   0.008   0.006  47   0.011  0.0   21454671  108423
	CCRB 2005 5  6  9 42 21.2345 IPD0
	CCRB 2005 5  6  9 42 21.9745 ISD1 
	EADB 2005 5  6  9 42 23.4516 IPD1
	EADB 2005 5  6  9 42 26.4460 ISD2
	FROB 2005 5  6  9 42 21.9616 IPU0
	JCSB 2005 5  6  9 42 22.8266 IPU0
	LCCB 2005 5  6  9 42 21.2594 IPU1
	LCCB 2005 5  6  9 42 22.0618 ISD1 
	RMNB 2005 5  6  9 42 22.1942 IPU1
	RMNB 2005 5  6  9 42 23.7391 ISU1
	SCYB 2005 5  6  9 42 21.7123 EPU2
	SCYB 2005 5  6  9 42 23.1914 ISD1
	SMNB 2005 5  6  9 42 21.4442 IPD1
	SMNB 2005 5  6  9 42 22.2973 ISD2 
	VARB 2005 5  6  9 42 22.5052 IPD1 
	VARB 2005 5  6  9 42 24.8054 ISD1 
	VCAB 2005 5  6  9 42 21.5975 IPU0
	VCAB 2005 5  6  9 42 22.5707 ISD1
2005  5  6 14 33 32.346    35.97164   -120.52594    3.902   0.011   0.006  57   0.012  0.0   21454699  109513
	CCRB 2005 5  6 14 33 33.3640 IPD0
	CCRB 2005 5  6 14 33 34.1070 ISD1 
	EADB 2005 5  6 14 33 35.5930 IPD1 
	FROB 2005 5  6 14 33 34.0950 IPU0
	JCSB 2005 5  6 14 33 34.9690 IPU0
	LCCB 2005 5  6 14 33 33.4150 IPU0
	LCCB 2005 5  6 14 33 34.2230 ISD1 
	MMNB 2005 5  6 14 33 33.6940 IPD0
	MMNB 2005 5  6 14 33 34.8170 ISD1
	RMNB 2005 5  6 14 33 34.2690 ISD1
	SCYB 2005 5  6 14 33 33.9060 EPD2
	SCYB 2005 5  6 14 33 35.3220 ISD1
	SMNB 2005 5  6 14 33 33.5660 IPD0
	SMNB 2005 5  6 14 33 34.4180 ISD1 
	VARB 2005 5  6 14 33 34.6530 IPD1
	VARB 2005 5  6 14 33 36.7800 ISU1 
	VCAB 2005 5  6 14 33 33.6930 EPD2
	VCAB 2005 5  6 14 33 34.7670 ISU1
2005  5  6 17 52 55.920    35.98798   -120.54595    4.556   0.014   0.005  45   0.010  1.0   21454745  110259
	CCRB 2005 5  6 17 52 57.0710 IPU0
	CCRB 2005 5  6 17 52 57.9360 ISU1 
	EADB 2005 5  6 17 52 59.3410 IPD0
	EADB 2005 5  6 17 53  3.0950 ISU1 
	FROB 2005 5  6 17 52 58.1270 IPU0
	GHIB 2005 5  6 17 53  1.1860 IPU0 
	GHIB 2005 5  6 17 53  5.3450 ISD2 
	JCSB 2005 5  6 17 52 59.0590 IPU0 
	LCCB 2005 5  6 17 52 57.0670 IPD2 
	MMNB 2005 5  6 17 52 57.7420 IPD0 
	MMNB 2005 5  6 17 52 59.0010 ISU1 
	RMNB 2005 5  6 17 52 57.9640 IPD0 
	RMNB 2005 5  6 17 52 59.7300 ISU2 
	SCYB 2005 5  6 17 52 57.1680 IPU0 
	SCYB 2005 5  6 17 52 58.2580 ISU1 
	SMNB 2005 5  6 17 52 56.9970 IPD0 
	SMNB 2005 5  6 17 52 57.6600 ISU1 
	VARB 2005 5  6 17 52 58.7420 IPD0 
	VARB 2005 5  6 17 53  1.3900 ISU1 
	VCAB 2005 5  6 17 52 57.6500 IPU0
	VCAB 2005 5  6 17 52 58.8720 ISD1 
2005  5  7 17  0 15.040    35.97159   -120.52561    3.892   0.009   0.007  23   0.008  0.0   21455058  115275
	CCRB 2005 5  7 17  0 16.0680 IPD0
	CCRB 2005 5  7 17  0 16.7990 ESU2 
	FROB 2005 5  7 17  0 16.0550 IPD0 
	FROB 2005 5  7 17  0 16.7950 ISU2 
	JCNB 2005 5  7 17  0 17.4450 IPD0 
	JCNB 2005 5  7 17  0 19.2670 ISU1 
	JCSB 2005 5  7 17  0 17.6540 IPU1 
	LCCB 2005 5  7 17  0 16.0990 IPU2 
	LCCB 2005 5  7 17  0 16.8660 ISU2 
	MMNB 2005 5  7 17  0 16.3930 EPD2 
	MMNB 2005 5  7 17  0 17.5040 ISD1 
	RMNB 2005 5  7 17  0 16.9830 EPU2 
	RMNB 2005 5  7 17  0 18.5840 ISU1
	SCYB 2005 5  7 17  0 16.5620 EPU2 
	SCYB 2005 5  7 17  0 18.0370 ISD2 
	SMNB 2005 5  7 17  0 16.2810 IPD1 
	SMNB 2005 5  7 17  0 17.1490 ISD1 
	VARB 2005 5  7 17  0 17.3480 IPD1 
	VARB 2005 5  7 17  0 19.6290 ISD1 
	VCAB 2005 5  7 17  0 16.4280 IPU1 
	VCAB 2005 5  7 17  0 17.4650 ISU1 
2005  5  7 23 38 26.320    35.97929   -120.53865    3.142   0.007   0.004  40   0.009  1.1   21455114  116748
	CCRB 2005 5  7 23 38 27.2790 IPU0
	CCRB 2005 5  7 23 38 28.0050 ISD1 
	EADB 2005 5  7 23 38 29.4690 IPU1
	FROB 2005 5  7 23 38 28.2720 IPU0 
	JCNB 2005 5  7 23 38 28.9880 IPD0 
	JCNB 2005 5  7 23 38 30.9710 ISU3 
	JCSB 2005 5  7 23 38 29.2360 IPU0 
	LCCB 2005 5  7 23 38 27.2300 IPD2 
	LCCB 2005 5  7 23 38 28.0400 ISD1 
	MMNB 2005 5  7 23 38 27.8320 IPD1 
	MMNB 2005 5  7 23 38 29.1480 ISD1 
	RMNB 2005 5  7 23 38 28.2400 IPD0 
	RMNB 2005 5  7 23 38 30.0720 ISU1 
	SCYB 2005 5  7 23 38 27.5170 IPU1
	SCYB 2005 5  7 23 38 28.8340 ISU1 
	SMNB 2005 5  7 23 38 27.3410 IPD0 
	SMNB 2005 5  7 23 38 28.0920 ISD1 
	VARB 2005 5  7 23 38 28.9180 IPD0 
	VARB 2005 5  7 23 38 31.2510 ISU1 
	VCAB 2005 5  7 23 38 27.8170 IPU0 
	VCAB 2005 5  7 23 38 28.9540 ISU1 
2005  5  8  4 54 57.947    35.98144   -120.53979    5.494   0.011   0.005  49   0.009  0.8   21455150  117951
	CCRB 2005 5  8  4 54 59.1360 IPU0
	CCRB 2005 5  8  4 55  0.0440 ISU1
	EADB 2005 5  8  4 55  1.2950 IPU1
	EADB 2005 5  8  4 55  4.4350 ISU1 
	FROB 2005 5  8  4 54 59.9990 IPU0 
	JCNB 2005 5  8  4 55  0.6820 IPD0 
	JCNB 2005 5  8  4 55  2.7130 ISD1 
	JCSB 2005 5  8  4 55  0.9130 EPU2 
	LCCB 2005 5  8  4 54 59.2680 EPD2 
	LCCB 2005 5  8  4 55  0.3630 ISU1
	MMNB 2005 5  8  4 54 59.7070 IPU0
	MMNB 2005 5  8  4 55  1.0880 ISD1 
	RMNB 2005 5  8  4 55  0.0450 IPD1 
	RMNB 2005 5  8  4 55  1.7900 ISU1 
	SMNB 2005 5  8  4 54 59.1690 IPD0 
	SMNB 2005 5  8  4 55  0.0130 ISD1
	VARB 2005 5  8  4 55  0.6140 EPD2
	VARB 2005 5  8  4 55  2.8350 ISD1 
	VCAB 2005 5  8  4 54 59.6080 IPU0
	VCAB 2005 5  8  4 55  0.7240 ISD2 
2005  5  8 22 17 18.125    35.98832   -120.54595    4.719   0.011   0.004  43   0.006  1.5   21455312  121858
	CCRB 2005 5  8 22 17 19.2940 IPU0
	CCRB 2005 5  8 22 17 20.1600 ISU1 
	EADB 2005 5  8 22 17 21.5130 IPU1 
	EADB 2005 5  8 22 17 25.3720 ISD1 
	FROB 2005 5  8 22 17 20.3290 IPU0 
	FROB 2005 5  8 22 17 22.0380 ISD2 
	GHIB 2005 5  8 22 17 23.1750 IPU2 
	GHIB 2005 5  8 22 17 27.4770 ISU1 
	JCNB 2005 5  8 22 17 21.0230 IPD0 
	JCNB 2005 5  8 22 17 23.0740 ISU1 
	JCSB 2005 5  8 22 17 21.2570 IPU0
	LCCB 2005 5  8 22 17 19.2970 IPD0 
	LCCB 2005 5  8 22 17 20.5260 ISU2 
	MMNB 2005 5  8 22 17 19.9580 IPD0 
	MMNB 2005 5  8 22 17 21.3320 ISD1 
	RMNB 2005 5  8 22 17 20.1840 IPD0
	RMNB 2005 5  8 22 17 22.1150 ISU1 
	SCYB 2005 5  8 22 17 19.4100 IPU0
	SCYB 2005 5  8 22 17 20.4930 ESU2
	SMNB 2005 5  8 22 17 19.2220 IPD0
	SMNB 2005 5  8 22 17 19.8930 ESU2
	VARB 2005 5  8 22 17 20.9490 IPD0
	VARB 2005 5  8 22 17 23.1850 ISD1
	VCAB 2005 5  8 22 17 19.8610 IPU0
	VCAB 2005 5  8 22 17 21.1020 ISU2
2005  5  9 11 54 59.204    35.97286   -120.52696    7.271   0.009   0.004  51   0.004  1.9   21455464  124918
	CCRB 2005 5  9 11 55  0.6290 IPD0
	CCRB 2005 5  9 11 55  1.6200 ISU0
	EADB 2005 5  9 11 55  2.1790 IPU0 
	EADB 2005 5  9 11 55  5.5060 ISU1
	FROB 2005 5  9 11 55  1.1780 IPU0
	FROB 2005 5  9 11 55  2.7200 ISD2
	GHIB 2005 5  9 11 55  3.6840 IPD0
	GHIB 2005 5  9 11 55  7.8660 ISD2
	JCNB 2005 5  9 11 55  1.9040 IPD0
	JCNB 2005 5  9 11 55  4.1220 ISU1 
	JCSB 2005 5  9 11 55  1.9630 EPU2 
	LCCB 2005 5  9 11 55  0.8150 EPD2
	LCCB 2005 5  9 11 55  1.9530 ESD2
	MMNB 2005 5  9 11 55  1.0270 EPU2
	MMNB 2005 5  9 11 55  2.4510 ISU1
	RMNB 2005 5  9 11 55  1.5480 EPD2
	RMNB 2005 5  9 11 55  3.4990 ISU1
	SCYB 2005 5  9 11 55  1.1720 EPD2
	SCYB 2005 5  9 11 55  2.8270 ISU1
	SMNB 2005 5  9 11 55  0.7500 IPD0
	SMNB 2005 5  9 11 55  1.7990 ISD2
	VARB 2005 5  9 11 55  1.7360 IPU0
	VARB 2005 5  9 11 55  4.0820 ISD1
	VCAB 2005 5  9 11 55  0.9080 IPU0
	VCAB 2005 5  9 11 55  2.0890 ESU2
2005  5  9 11 58 37.776    35.97153   -120.52588    7.183   0.014   0.007  69   0.011  0.0   21455465  124932
	CCRB 2005 5  9 11 58 39.1950 IPD0
	CCRB 2005 5  9 11 58 40.1860 ISU1
	EADB 2005 5  9 11 58 40.7630 IPD1
	EADB 2005 5  9 11 58 44.0560 ISU2
	FROB 2005 5  9 11 58 39.7350 EPU2
	FROB 2005 5  9 11 58 41.2790 ISD1
	JCNB 2005 5  9 11 58 40.4600 IPD0
	JCNB 2005 5  9 11 58 42.4270 ISD1 
	JCSB 2005 5  9 11 58 40.6060 IPU1
	LCCB 2005 5  9 11 58 39.4190 IPU1
	LCCB 2005 5  9 11 58 40.5030 ESD2
	MMNB 2005 5  9 11 58 39.5890 IPU1
	MMNB 2005 5  9 11 58 40.9560 ISD1
	RMNB 2005 5  9 11 58 42.3020 ISD2
	SCYB 2005 5  9 11 58 39.7820 IPU0
	SCYB 2005 5  9 11 58 41.4330 ISD1
	SMNB 2005 5  9 11 58 39.3180 IPD0
	SMNB 2005 5  9 11 58 40.3730 ISD1
	VARB 2005 5  9 11 58 40.3370 IPD1
	VARB 2005 5  9 11 58 42.6710 ISD1
	VCAB 2005 5  9 11 58 39.4710 IPU0
	VCAB 2005 5  9 11 58 40.6300 ESU2
2005  5  9 13 15 20.570    35.97200   -120.52633    7.205   0.012   0.006  65   0.007  0.0   21455483  125219
	CCRB 2005 5  9 13 15 22.0030 IPD0
	CCRB 2005 5  9 13 15 23.0000 ISU1
	EADB 2005 5  9 13 15 23.8690 IPU0 
	EADB 2005 5  9 13 15 26.5590 ISD1
	FROB 2005 5  9 13 15 22.5370 EPU2
	FROB 2005 5  9 13 15 23.9250 ISD1
	JCSB 2005 5  9 13 15 23.3170 EPU2
	LCCB 2005 5  9 13 15 22.2100 EPD2
	LCCB 2005 5  9 13 15 23.3890 ISU1
	MMNB 2005 5  9 13 15 22.3900 IPU0
	MMNB 2005 5  9 13 15 23.7540 ISD2
	RMNB 2005 5  9 13 15 22.9220 EPD2
	RMNB 2005 5  9 13 15 24.8700 ISU1 
	SCYB 2005 5  9 13 15 22.5690 EPD2
	SCYB 2005 5  9 13 15 24.2280 ISD1
	SMNB 2005 5  9 13 15 22.1290 IPD0
	SMNB 2005 5  9 13 15 23.1860 ISD1
	VARB 2005 5  9 13 15 23.1040 EPU2
	VARB 2005 5  9 13 15 25.4690 ISD1
	VCAB 2005 5  9 13 15 22.2720 IPU0
	VCAB 2005 5  9 13 15 23.5060 ISD1
2005  5  9 17  4  6.460    35.97208   -120.52632    7.241   0.008   0.005  48   0.006  1.1   21455536  126074
	CCRB 2005 5  9 17  4  7.9120 IPD0
	CCRB 2005 5  9 17  4  8.9050 ISU1
	EADB 2005 5  9 17  4  9.4310 IPU0
	EADB 2005 5  9 17  4 12.4540 ISD1
	FROB 2005 5  9 17  4  8.4450 EPU2
	FROB 2005 5  9 17  4  9.9790 ISD1
	JCNB 2005 5  9 17  4  9.1740 IPD0
	JCNB 2005 5  9 17  4 11.1750 ISD1
	LCCB 2005 5  9 17  4  8.1320 EPU2
	LCCB 2005 5  9 17  4  9.4810 ISD1
	RMNB 2005 5  9 17  4  8.8230 EPD2
	RMNB 2005 5  9 17  4 10.7690 ISU2
	SCYB 2005 5  9 17  4  8.4800 IPD2
	SCYB 2005 5  9 17  4 10.1330 ISD1
	SMNB 2005 5  9 17  4  8.0330 IPD0
	SMNB 2005 5  9 17  4  9.0920 ISD1
	VARB 2005 5  9 17  4  9.0020 IPU1
	VARB 2005 5  9 17  4 11.4640 ISU1
	VCAB 2005 5  9 17  4  8.1820 IPU0
	VCAB 2005 5  9 17  4  9.3310 ESD2
2005  5 10  8 11 25.218    35.98755   -120.54595    4.553   0.013   0.006  43   0.011  1.0   21455695  128356
	CCRB 2005 5 10  8 11 26.3750 IPU0
	CCRB 2005 5 10  8 11 27.2580 ISU1 
	EADB 2005 5 10  8 11 28.6480 IPD1 
	EADB 2005 5 10  8 11 32.6210 ISD1
	FROB 2005 5 10  8 11 27.4120 IPU0
	GHIB 2005 5 10  8 11 34.6110 ISD1
	JCNB 2005 5 10  8 11 28.1080 IPD0
	JCNB 2005 5 10  8 11 30.3040 ISD1
	JCSB 2005 5 10  8 11 28.3450 IPU1
	LCCB 2005 5 10  8 11 26.3690 EPD2
	LCCB 2005 5 10  8 11 27.7440 ISD1
	MMNB 2005 5 10  8 11 27.0410 IPD0
	MMNB 2005 5 10  8 11 28.6860 ISU1
	RMNB 2005 5 10  8 11 27.2660 IPD0
	RMNB 2005 5 10  8 11 29.1820 ISU1
	SCYB 2005 5 10  8 11 26.4840 IPU1
	SCYB 2005 5 10  8 11 27.6010 ISD1
	SMNB 2005 5 10  8 11 26.3080 IPD0
	SMNB 2005 5 10  8 11 26.9620 ISU1
	VARB 2005 5 10  8 11 28.0390 EPD2 
	VARB 2005 5 10  8 11 30.2590 ISD1
	VCAB 2005 5 10  8 11 26.9420 IPU0
2005  5 10 11 25 32.650    35.97267   -120.52684    7.191   0.010   0.006  51   0.007  1.1   21455705  129083
	CCRB 2005 5 10 11 25 34.0670 EPU2
	CCRB 2005 5 10 11 25 35.0750 ISU1
	EADB 2005 5 10 11 25 35.6250 EPU2
	EADB 2005 5 10 11 25 39.2190 ISU1
	FROB 2005 5 10 11 25 34.6300 EPU2
	FROB 2005 5 10 11 25 36.0860 ISU2
	JCNB 2005 5 10 11 25 35.3590 IPD0
	JCNB 2005 5 10 11 25 37.5050 ISD3
	JCSB 2005 5 10 11 25 35.5050 EPU2
	LCCB 2005 5 10 11 25 34.2830 EPU2
	LCCB 2005 5 10 11 25 35.6420 ISD2
	MMNB 2005 5 10 11 25 34.4830 IPU2
	MMNB 2005 5 10 11 25 35.8930 ESU2
	RMNB 2005 5 10 11 25 35.0030 IPD2
	RMNB 2005 5 10 11 25 36.9250 ISD2
	SCYB 2005 5 10 11 25 34.6010 EPD2
	SCYB 2005 5 10 11 25 36.2320 ISD2
	SMNB 2005 5 10 11 25 34.1830 IPD0
	SMNB 2005 5 10 11 25 35.2320 ISD1
	VARB 2005 5 10 11 25 35.2010 EPU2
	VARB 2005 5 10 11 25 37.2600 ISD2
	VCAB 2005 5 10 11 25 34.3560 IPU0
	VCAB 2005 5 10 11 25 35.5980 ISU2
2005  5 10 22 31 33.440    35.97311   -120.52709    7.291   0.009   0.004  37   0.005  1.4   21455808  1315581
	CCRB 2005 5 10 22 31 34.8750 IPU0
	CCRB 2005 5 10 22 31 35.8860 ISU1
	EADB 2005 5 10 22 31 36.4220 IPU0
	EADB 2005 5 10 22 31 39.9170 ISD2
	FROB 2005 5 10 22 31 35.4310 EPU2
	FROB 2005 5 10 22 31 36.9880 ISU1
	GHIB 2005 5 10 22 31 37.9420 IPD1
	GHIB 2005 5 10 22 31 42.1270 ISD1
	JCNB 2005 5 10 22 31 36.1610 IPD0
	JCNB 2005 5 10 22 31 38.3820 ISD1
	JCSB 2005 5 10 22 31 36.2030 EPU2
	LCCB 2005 5 10 22 31 35.0910 IPU2
	LCCB 2005 5 10 22 31 36.4390 ISD1
	MMNB 2005 5 10 22 31 35.2780 IPU1
	MMNB 2005 5 10 22 31 36.7020 ISU1
	RMNB 2005 5 10 22 31 35.7910 EPD2
	RMNB 2005 5 10 22 31 37.7510 ISU1
	SCYB 2005 5 10 22 31 35.4140 EPD2
	SCYB 2005 5 10 22 31 37.0660 ISU1
	SMNB 2005 5 10 22 31 34.9950 IPD0
	SMNB 2005 5 10 22 31 36.0540 ISD1
	VARB 2005 5 10 22 31 35.9990 EPU2
	VARB 2005 5 10 22 31 38.3540 ISD1
	VCAB 2005 5 10 22 31 35.1620 IPU0
	VCAB 2005 5 10 22 31 36.3960 ISU1
